              precision    recall  f1-score   support

           0       0.80      1.00      0.89        20
           1       1.00      1.00      1.00        20
           2       1.00      1.00      1.00        20
           3       1.00      1.00      1.00        20
           4       1.00      1.00      1.00        20
           5       0.79      0.95      0.86        20
           6       1.00      1.00      1.00        21
           7       1.00      1.00      1.00        20
           8       1.00      0.80      0.89        20
           9       1.00      0.75      0.86        20

    accuracy                           0.95       201
   macro avg       0.96      0.95      0.95       201
weighted avg       0.96      0.95      0.95       201
