              precision    recall  f1-score   support

           0       1.00      1.00      1.00        20
           1       1.00      1.00      1.00        20
           2       1.00      1.00      1.00        20
           3       1.00      1.00      1.00        20
           4       1.00      1.00      1.00        20
           5       0.95      0.95      0.95        20
           6       1.00      1.00      1.00        21
           7       0.91      1.00      0.95        20
           8       1.00      0.90      0.95        20
           9       1.00      1.00      1.00        20

    accuracy                           0.99       201
   macro avg       0.99      0.98      0.98       201
weighted avg       0.99      0.99      0.99       201
