              precision    recall  f1-score   support

           0       0.95      1.00      0.98        20
           1       1.00      1.00      1.00        20
           2       0.94      0.85      0.89        20
           3       1.00      1.00      1.00        20
           4       1.00      1.00      1.00        20
           5       1.00      0.85      0.92        20
           6       1.00      1.00      1.00        21
           7       1.00      1.00      1.00        20
           8       0.79      0.95      0.86        20
           9       1.00      1.00      1.00        20

    accuracy                           0.97       201
   macro avg       0.97      0.97      0.97       201
weighted avg       0.97      0.97      0.97       201
