              precision    recall  f1-score   support

           0       1.00      1.00      1.00        20
           1       1.00      0.90      0.95        20
           2       1.00      0.60      0.75        20
           3       0.61      1.00      0.75        20
           4       0.00      0.00      0.00        20
           5       1.00      0.85      0.92        20
           6       0.55      1.00      0.71        21
           7       1.00      1.00      1.00        20
           8       0.56      1.00      0.71        20
           9       1.00      0.25      0.40        20

    accuracy                           0.76       201
   macro avg       0.77      0.76      0.72       201
weighted avg       0.77      0.76      0.72       201
