              precision    recall  f1-score   support

           0       1.00      1.00      1.00        20
           1       1.00      1.00      1.00        20
           2       1.00      1.00      1.00        20
           3       1.00      1.00      1.00        20
           4       0.95      1.00      0.98        20
           5       0.86      0.95      0.90        20
           6       1.00      1.00      1.00        21
           7       1.00      1.00      1.00        20
           8       0.95      1.00      0.98        20
           9       1.00      0.80      0.89        20

    accuracy                           0.98       201
   macro avg       0.98      0.97      0.97       201
weighted avg       0.98      0.98      0.97       201
