              precision    recall  f1-score   support

           0       1.00      1.00      1.00        20
           1       1.00      1.00      1.00        20
           2       1.00      1.00      1.00        20
           3       0.61      1.00      0.75        20
           4       0.00      0.00      0.00        20
           5       1.00      0.70      0.82        20
           6       0.51      1.00      0.68        21
           7       1.00      1.00      1.00        20
           8       0.71      1.00      0.83        20
           9       1.00      0.25      0.40        20

    accuracy                           0.80       201
   macro avg       0.78      0.80      0.75       201
weighted avg       0.78      0.80      0.75       201
