              precision    recall  f1-score   support

           0       1.00      1.00      1.00        20
           1       1.00      1.00      1.00        20
           2       1.00      1.00      1.00        20
           3       0.77      1.00      0.87        20
           4       0.92      0.55      0.69        20
           5       1.00      0.95      0.97        20
           6       0.70      1.00      0.82        21
           7       1.00      1.00      1.00        20
           8       0.91      1.00      0.95        20
           9       1.00      0.60      0.75        20

    accuracy                           0.91       201
   macro avg       0.93      0.91      0.91       201
weighted avg       0.93      0.91      0.91       201
