              precision    recall  f1-score   support

           0       1.00      1.00      1.00        20
           1       0.00      0.00      0.00        20
           2       0.70      0.95      0.81        20
           3       0.51      1.00      0.68        20
           4       0.00      0.00      0.00        20
           5       0.94      0.80      0.86        20
           6       0.66      1.00      0.79        21
           7       1.00      0.90      0.95        20
           8       0.57      0.85      0.68        20
           9       0.00      0.00      0.00        20

    accuracy                           0.65       201
   macro avg       0.54      0.65      0.58       201
weighted avg       0.54      0.65      0.58       201
