              precision    recall  f1-score   support

           0       1.00      1.00      1.00        20
           1       1.00      1.00      1.00        20
           2       0.95      1.00      0.98        20
           3       1.00      1.00      1.00        20
           4       1.00      1.00      1.00        20
           5       1.00      1.00      1.00        20
           6       1.00      1.00      1.00        21
           7       1.00      1.00      1.00        20
           8       1.00      0.95      0.97        20
           9       1.00      1.00      1.00        20

    accuracy                           1.00       201
   macro avg       1.00      0.99      0.99       201
weighted avg       1.00      1.00      1.00       201
