              precision    recall  f1-score   support

           0       0.87      1.00      0.93        20
           1       1.00      1.00      1.00        20
           2       1.00      0.95      0.97        20
           3       1.00      0.85      0.92        20
           4       1.00      1.00      1.00        20
           5       0.94      0.80      0.86        20
           6       1.00      1.00      1.00        21
           7       1.00      1.00      1.00        20
           8       0.90      0.95      0.93        20
           9       0.87      1.00      0.93        20

    accuracy                           0.96       201
   macro avg       0.96      0.95      0.95       201
weighted avg       0.96      0.96      0.95       201
