              precision    recall  f1-score   support

           0       1.00      1.00      1.00        20
           1       1.00      0.65      0.79        20
           2       0.77      1.00      0.87        20
           3       0.56      1.00      0.71        20
           4       0.00      0.00      0.00        20
           5       0.43      1.00      0.61        20
           6       0.53      1.00      0.69        21
           7       0.00      0.00      0.00        20
           8       1.00      0.65      0.79        20
           9       0.00      0.00      0.00        20

    accuracy                           0.63       201
   macro avg       0.53      0.63      0.55       201
weighted avg       0.53      0.63      0.55       201
