              precision    recall  f1-score   support

           0       1.00      1.00      1.00        20
           1       1.00      0.85      0.92        20
           2       0.90      0.95      0.93        20
           3       0.91      1.00      0.95        20
           4       0.50      0.35      0.41        20
           5       0.95      0.90      0.92        20
           6       0.62      1.00      0.76        21
           7       1.00      1.00      1.00        20
           8       0.77      0.85      0.81        20
           9       1.00      0.60      0.75        20

    accuracy                           0.85       201
   macro avg       0.87      0.85      0.85       201
weighted avg       0.86      0.85      0.85       201
